{
 "cells": [
  {
   "cell_type": "markdown",
   "metadata": {
    "id": "IafxybMjKfBO"
   },
   "source": [
    "##### Copyright 2020 Google"
   ]
  },
  {
   "cell_type": "markdown",
   "metadata": {
    "id": "3707a33c52de"
   },
   "source": [
    "# Quickstart\n",
    "\n",
    "This code tutorial shows how to estimate a 1-RDM and perform variational optimization"
   ]
  },
  {
   "cell_type": "markdown",
   "metadata": {
    "id": "FQEYY3gnK51d"
   },
   "source": [
    "<table class=\"tfo-notebook-buttons\" align=\"left\">\n",
    "  <td>\n",
    "    <a target=\"_blank\" href=\"https://quantumai.google/cirq/experiments/hfvqe/quickstart\"><img src=\"https://quantumai.google/site-assets/images/buttons/quantumai_logo_1x.png\" />View on QuantumAI</a>\n",
    "  </td>\n",
    "  <td>\n",
    "    <a target=\"_blank\" href=\"https://colab.research.google.com/github/quantumlib/ReCirq/blob/master/docs/hfvqe/quickstart.ipynb\"><img src=\"https://quantumai.google/site-assets/images/buttons/colab_logo_1x.png\" />Run in Google Colab</a>\n",
    "  </td>\n",
    "  <td>\n",
    "    <a target=\"_blank\" href=\"https://github.com/quantumlib/ReCirq/blob/master/docs/hfvqe/quickstart.ipynb\"><img src=\"https://quantumai.google/site-assets/images/buttons/github_logo_1x.png\" />View source on GitHub</a>\n",
    "  </td>\n",
    "  <td>\n",
    "    <a href=\"https://storage.googleapis.com/tensorflow_docs/ReCirq/docs/hfvqe/quickstart.ipynb\"><img src=\"https://quantumai.google/site-assets/images/buttons/download_icon_1x.png\" />Download notebook</a>\n",
    "  </td>\n",
    "</table>"
   ]
  },
  {
   "cell_type": "code",
   "execution_count": 10,
   "metadata": {
    "id": "8625de3d3c0d"
   },
   "outputs": [],
   "source": [
    "try:\n",
    "    import recirq\n",
    "except ImportError:\n",
    "    !pip install --quiet git+https://github.com/quantumlib/ReCirq\n",
    "    "
   ]
  },
  {
   "cell_type": "code",
   "execution_count": 11,
   "metadata": {
    "id": "1fac10877d62"
   },
   "outputs": [],
   "source": [
    "import numpy as np\n",
    "import cirq\n",
    "\n",
    "from recirq.hfvqe.gradient_hf import rhf_func_generator\n",
    "from recirq.hfvqe.opdm_functionals import OpdmFunctional\n",
    "from recirq.hfvqe.analysis import (\n",
    "    compute_opdm, mcweeny_purification,\n",
    "    resample_opdm, fidelity_witness,\n",
    "    fidelity)\n",
    "from recirq.hfvqe.third_party.higham import fixed_trace_positive_projection\n",
    "from recirq.hfvqe.molecular_example import make_h6_1_3\n",
    "from cirq.contrib.svg import SVGCircuit"
   ]
  },
  {
   "cell_type": "markdown",
   "metadata": {
    "id": "09752498051c"
   },
   "source": [
    "## Set up the experiment\n",
    "\n",
    "Generate the input files, set up quantum resources, and set up the OpdmFunctional to make measurements. "
   ]
  },
  {
   "cell_type": "code",
   "execution_count": 12,
   "metadata": {},
   "outputs": [
    {
     "name": "stdout",
     "output_type": "stream",
     "text": [
      "Optimization terminated successfully.\n",
      "         Current function value: -2.924060\n",
      "         Iterations: 7\n",
      "         Function evaluations: 15\n",
      "         Gradient evaluations: 15\n"
     ]
    }
   ],
   "source": [
    "rhf_objective, molecule, parameters, obi, tbi = make_h6_1_3()"
   ]
  },
  {
   "cell_type": "code",
   "execution_count": 13,
   "metadata": {},
   "outputs": [],
   "source": [
    "ansatz, energy, gradient = rhf_func_generator(rhf_objective)"
   ]
  },
  {
   "cell_type": "code",
   "execution_count": 14,
   "metadata": {
    "id": "1b750bbaf408"
   },
   "outputs": [],
   "source": [
    "# settings for quantum resources\n",
    "qubits = [cirq.GridQubit(0, x) for x in range(molecule.n_orbitals)]\n",
    "sampler = cirq.Simulator(dtype=np.complex128)  # this can be a QuantumEngine\n",
    "\n",
    "# OpdmFunctional contains an interface for running experiments\n",
    "opdm_func = OpdmFunctional(qubits=qubits,\n",
    "                           sampler=sampler,\n",
    "                           constant=molecule.nuclear_repulsion,\n",
    "                           one_body_integrals=obi,\n",
    "                           two_body_integrals=tbi,\n",
    "                           # only simulate spin-up electrons:\n",
    "                           num_electrons=molecule.n_electrons // 2,\n",
    "                           clean_xxyy=True,\n",
    "                           purification=False\n",
    "                           )"
   ]
  },
  {
   "cell_type": "markdown",
   "metadata": {
    "id": "61f9277513fe"
   },
   "source": [
    "The displayed text is the output of the gradient based restricted Hartree-Fock.  We define the gradient in `rhf_objective` and use the conjugate-gradient optimizer to optimize the basis rotation parameters.  This is equivalent to doing Hartree-Fock theory from the canonical transformation perspective."
   ]
  },
  {
   "cell_type": "markdown",
   "metadata": {
    "id": "61f9277513fe"
   },
   "source": [
    "## Estimate Quantities\n",
    "\n",
    "Next, we will do the following:\n",
    "\n",
    "1. Do measurements for a given set of parameters\n",
    "\n",
    "2. Compute 1-RDM, variances, and purification\n",
    "\n",
    "3. Compute energy, fidelities, and errorbars"
   ]
  },
  {
   "cell_type": "code",
   "execution_count": 15,
   "metadata": {
    "id": "8e91bce6cc7c"
   },
   "outputs": [
    {
     "name": "stderr",
     "output_type": "stream",
     "text": [
      "/tmp/ipykernel_13854/2348574811.py:8: DeprecationWarning: `alltrue` is deprecated as of NumPy 1.25.0, and will be removed in NumPy 2.0. Please use `all` instead.\n",
      "  opdm, var_dict = compute_opdm(measurement_data, return_variance=True)\n",
      "/tmp/ipykernel_13854/2348574811.py:8: DeprecationWarning: `alltrue` is deprecated as of NumPy 1.25.0, and will be removed in NumPy 2.0. Please use `all` instead.\n",
      "  opdm, var_dict = compute_opdm(measurement_data, return_variance=True)\n",
      "/tmp/ipykernel_13854/2348574811.py:8: DeprecationWarning: `alltrue` is deprecated as of NumPy 1.25.0, and will be removed in NumPy 2.0. Please use `all` instead.\n",
      "  opdm, var_dict = compute_opdm(measurement_data, return_variance=True)\n",
      "/tmp/ipykernel_13854/2348574811.py:8: DeprecationWarning: `alltrue` is deprecated as of NumPy 1.25.0, and will be removed in NumPy 2.0. Please use `all` instead.\n",
      "  opdm, var_dict = compute_opdm(measurement_data, return_variance=True)\n",
      "/tmp/ipykernel_13854/2348574811.py:8: DeprecationWarning: `alltrue` is deprecated as of NumPy 1.25.0, and will be removed in NumPy 2.0. Please use `all` instead.\n",
      "  opdm, var_dict = compute_opdm(measurement_data, return_variance=True)\n",
      "/tmp/ipykernel_13854/2348574811.py:8: DeprecationWarning: `alltrue` is deprecated as of NumPy 1.25.0, and will be removed in NumPy 2.0. Please use `all` instead.\n",
      "  opdm, var_dict = compute_opdm(measurement_data, return_variance=True)\n"
     ]
    },
    {
     "name": "stdout",
     "output_type": "stream",
     "text": [
      "Canonical Hartree-Fock energy  -2.9240604849733085\n",
      "True energy  -2.924060484972228\n",
      "Raw energy  -2.9267581412974373 +-  0.0015169579147688017\n",
      "Raw fidelity witness  1.0035978175763183 +-  0.002070926651119044\n",
      "purified energy  -2.924057164354299 +-  5.322308816987647e-06\n",
      "Purified fidelity witness  0.9999829614891131 +-  7.341966857740764e-06\n",
      "Purified fidelity  0.999991481076193 +-  3.6709467772074223e-06\n"
     ]
    }
   ],
   "source": [
    "# 1.\n",
    "# default to 250_000 shots for each circuit.\n",
    "# 7 circuits total, printed for your viewing pleasure\n",
    "# return value is a dictionary with circuit results for each permutation\n",
    "measurement_data = opdm_func.calculate_data(parameters)\n",
    "\n",
    "# 2.\n",
    "opdm, var_dict = compute_opdm(measurement_data, return_variance=True)\n",
    "opdm_pure = mcweeny_purification(opdm)\n",
    "\n",
    "# 3.\n",
    "raw_energies = []\n",
    "raw_fidelity_witness = []\n",
    "purified_eneriges = []\n",
    "purified_fidelity_witness = []\n",
    "purified_fidelity = []\n",
    "true_unitary = ansatz(parameters)\n",
    "nocc = molecule.n_electrons // 2\n",
    "nvirt = molecule.n_orbitals - nocc\n",
    "initial_fock_state = [1] * nocc + [0] * nvirt\n",
    "\n",
    "# 1000 repetitions of the measurement\n",
    "for _ in range(1000):  \n",
    "    new_opdm = resample_opdm(opdm, var_dict)\n",
    "    raw_energies.append(opdm_func.energy_from_opdm(new_opdm))\n",
    "    raw_fidelity_witness.append(\n",
    "        fidelity_witness(target_unitary=true_unitary,\n",
    "                         omega=initial_fock_state,\n",
    "                         measured_opdm=new_opdm)\n",
    "    )\n",
    "    # fix positivity and trace of sampled 1-RDM if strictly outside\n",
    "    # feasible set\n",
    "    w, v = np.linalg.eigh(new_opdm)\n",
    "    if len(np.where(w < 0)[0]) > 0:\n",
    "        new_opdm = fixed_trace_positive_projection(new_opdm, nocc)\n",
    "\n",
    "    new_opdm_pure = mcweeny_purification(new_opdm)\n",
    "    purified_eneriges.append(opdm_func.energy_from_opdm(new_opdm_pure))\n",
    "    purified_fidelity_witness.append(\n",
    "        fidelity_witness(target_unitary=true_unitary,\n",
    "                         omega=initial_fock_state,\n",
    "                         measured_opdm=new_opdm_pure)\n",
    "    )\n",
    "    purified_fidelity.append(\n",
    "        fidelity(target_unitary=true_unitary,\n",
    "                 measured_opdm=new_opdm_pure)\n",
    "    )\n",
    "print(\"Canonical Hartree-Fock energy \", molecule.hf_energy)\n",
    "print(\"True energy \", energy(parameters))\n",
    "print(\"Raw energy \", opdm_func.energy_from_opdm(opdm),\n",
    "      \"+- \", np.std(raw_energies))\n",
    "print(\"Raw fidelity witness \", np.mean(raw_fidelity_witness).real,\n",
    "      \"+- \", np.std(raw_fidelity_witness))\n",
    "print(\"purified energy \", opdm_func.energy_from_opdm(opdm_pure),\n",
    "      \"+- \", np.std(purified_eneriges))\n",
    "print(\"Purified fidelity witness \", np.mean(purified_fidelity_witness).real,\n",
    "      \"+- \", np.std(purified_fidelity_witness))\n",
    "print(\"Purified fidelity \", np.mean(purified_fidelity).real,\n",
    "      \"+- \", np.std(purified_fidelity))"
   ]
  },
  {
   "cell_type": "markdown",
   "metadata": {
    "id": "669a320cb246"
   },
   "source": [
    "This prints out the various energies estimated from the 1-RDM along with error bars.  Generated from resampling the 1-RDM based on the estimated covariance."
   ]
  },
  {
   "cell_type": "markdown",
   "metadata": {
    "id": "7306afa48121"
   },
   "source": [
    "## Optimization\n",
    "\n",
    "We use the sampling functionality to variationally relax the parameters of\n",
    "my ansatz such that the energy is decreased.\n",
    "\n",
    "For this we will need the augmented Hessian optimizer\n",
    "\n",
    "The optimizerer code we have takes:\n",
    "rhf_objective object, initial parameters,\n",
    "a function that takes a n x n unitary and returns an opdm\n",
    "maximum iterations,\n",
    "hassian_update which indicates how much of the hessian to use\n",
    "rtol which is the gradient stopping condition.\n",
    "\n",
    "A natural thing that we will want to save is the variance dictionary of\n",
    "the non-purified 1-RDM.  This is accomplished by wrapping the 1-RDM\n",
    "estimation code in another object that keeps track of the variance \n",
    "dictionaries. \n"
   ]
  },
  {
   "cell_type": "code",
   "execution_count": 16,
   "metadata": {},
   "outputs": [],
   "source": [
    "try:\n",
    "    import recirq\n",
    "except ImportError:\n",
    "    !pip install --quiet git+https://github.com/quantumlib/ReCirq\n",
    "import numpy as np\n",
    "import cirq\n",
    "\n",
    "from recirq.hfvqe.gradient_hf import rhf_func_generator\n",
    "from recirq.hfvqe.opdm_functionals import OpdmFunctional\n",
    "from recirq.hfvqe.analysis import (\n",
    "    compute_opdm, mcweeny_purification,\n",
    "    resample_opdm, fidelity_witness,\n",
    "    fidelity)\n",
    "from recirq.hfvqe.third_party.higham import fixed_trace_positive_projection\n",
    "from recirq.hfvqe.molecular_example import make_h6_1_3\n",
    "from cirq.contrib.svg import SVGCircuit"
   ]
  },
  {
   "cell_type": "code",
   "execution_count": 17,
   "metadata": {
    "id": "9d40a667216a"
   },
   "outputs": [
    {
     "name": "stdout",
     "output_type": "stream",
     "text": [
      "\n",
      "ITERATION NUMBER :  0\n",
      "\n",
      " unitary\n",
      "[[1. 0. 0. 0. 0. 0.]\n",
      " [0. 1. 0. 0. 0. 0.]\n",
      " [0. 0. 1. 0. 0. 0.]\n",
      " [0. 0. 0. 1. 0. 0.]\n",
      " [0. 0. 0. 0. 1. 0.]\n",
      " [0. 0. 0. 0. 0. 1.]]\n",
      "Current Energy:  -2.826988975652606\n",
      "true energy  -2.826271292768161\n",
      "dvec\n",
      "[((0.1314575945696+0j), -1.0 [0^ 6] +\n",
      "-1.0 [1^ 7] +\n",
      "1.0 [6^ 0] +\n",
      "1.0 [7^ 1]), ((0.15069906644743727+0j), -1.0 [2^ 6] +\n",
      "-1.0 [3^ 7] +\n",
      "1.0 [6^ 2] +\n",
      "1.0 [7^ 3]), ((0.11511477909831505+0j), -1.0 [4^ 6] +\n",
      "-1.0 [5^ 7] +\n",
      "1.0 [6^ 4] +\n",
      "1.0 [7^ 5]), ((0.3374643358010291+0j), -1.0 [0^ 8] +\n",
      "-1.0 [1^ 9] +\n",
      "1.0 [8^ 0] +\n",
      "1.0 [9^ 1]), ((0.14273785613145873+0j), -1.0 [2^ 8] +\n",
      "-1.0 [3^ 9] +\n",
      "1.0 [8^ 2] +\n",
      "1.0 [9^ 3]), ((0.26355507998173444+0j), -1.0 [4^ 8] +\n",
      "-1.0 [5^ 9] +\n",
      "1.0 [8^ 4] +\n",
      "1.0 [9^ 5]), ((0.1976492929955989+0j), -1.0 [0^ 10] +\n",
      "-1.0 [1^ 11] +\n",
      "1.0 [10^ 0] +\n",
      "1.0 [11^ 1]), ((0.21991417663354507+0j), -1.0 [2^ 10] +\n",
      "-1.0 [3^ 11] +\n",
      "1.0 [10^ 2] +\n",
      "1.0 [11^ 3]), ((0.2290629240593344+0j), -1.0 [4^ 10] +\n",
      "-1.0 [5^ 11] +\n",
      "1.0 [10^ 4] +\n",
      "1.0 [11^ 5])]\n",
      "New fr values norm\n",
      "0.051584077884797463\n",
      "\n",
      "ITERATION NUMBER :  1\n",
      "\n",
      " unitary\n",
      "[[ 0.98389642  0.01872322 -0.03839118 -0.09592923 -0.10702297 -0.09729877]\n",
      " [ 0.01872322  0.92317564 -0.00126495  0.34627269 -0.09792622  0.13379184]\n",
      " [-0.03839118 -0.00126495  0.85968895 -0.09412702 -0.4916874  -0.09403736]\n",
      " [ 0.09592923 -0.34627269  0.09412702  0.92774284 -0.01313115 -0.03396633]\n",
      " [ 0.10702297  0.09792622  0.4916874  -0.01313115  0.85816974 -0.02392281]\n",
      " [ 0.09729877 -0.13379184  0.09403736 -0.03396633 -0.02392281  0.98084844]]\n",
      "Current Energy:  -2.8562047920173796\n",
      "true energy  -2.855328985598825\n",
      "dvec\n",
      "[((0.12600364621102952+0j), -1.0 [0^ 6] +\n",
      "-1.0 [1^ 7] +\n",
      "1.0 [6^ 0] +\n",
      "1.0 [7^ 1]), ((0.13099920584394117+0j), -1.0 [2^ 6] +\n",
      "-1.0 [3^ 7] +\n",
      "1.0 [6^ 2] +\n",
      "1.0 [7^ 3]), ((0.09136804193323936+0j), -1.0 [4^ 6] +\n",
      "-1.0 [5^ 7] +\n",
      "1.0 [6^ 4] +\n",
      "1.0 [7^ 5]), ((0.2537206776512155+0j), -1.0 [0^ 8] +\n",
      "-1.0 [1^ 9] +\n",
      "1.0 [8^ 0] +\n",
      "1.0 [9^ 1]), ((0.12758842033539938+0j), -1.0 [2^ 8] +\n",
      "-1.0 [3^ 9] +\n",
      "1.0 [8^ 2] +\n",
      "1.0 [9^ 3]), ((0.19989996195453702+0j), -1.0 [4^ 8] +\n",
      "-1.0 [5^ 9] +\n",
      "1.0 [8^ 4] +\n",
      "1.0 [9^ 5]), ((0.17947412525373513+0j), -1.0 [0^ 10] +\n",
      "-1.0 [1^ 11] +\n",
      "1.0 [10^ 0] +\n",
      "1.0 [11^ 1]), ((0.19016229041344604+0j), -1.0 [2^ 10] +\n",
      "-1.0 [3^ 11] +\n",
      "1.0 [10^ 2] +\n",
      "1.0 [11^ 3]), ((0.1880484198498239+0j), -1.0 [4^ 10] +\n",
      "-1.0 [5^ 11] +\n",
      "1.0 [10^ 4] +\n",
      "1.0 [11^ 5])]\n",
      "New fr values norm\n",
      "0.0563924868886868\n",
      "\n",
      "ITERATION NUMBER :  2\n",
      "\n",
      " unitary\n",
      "[[ 0.98871626  0.01631904 -0.02193849 -0.08800866 -0.08138267 -0.08557967]\n",
      " [ 0.02241608  0.91791928  0.00740238  0.35702312 -0.08704252  0.14773293]\n",
      " [-0.03352775 -0.00696494  0.87237456 -0.08202805 -0.47452971 -0.0767005 ]\n",
      " [ 0.08684469 -0.35775247  0.08220444  0.9255071  -0.00430796 -0.03364003]\n",
      " [ 0.07789306  0.08550045  0.47491594 -0.01315572  0.87203875 -0.02127309]\n",
      " [ 0.08487774 -0.14768961  0.07825484 -0.03638556 -0.01232402  0.98152124]]\n",
      "Current Energy:  -2.878965257683456\n",
      "true energy  -2.88043431946972\n",
      "dvec\n",
      "[((0.12416052294310875+0j), -1.0 [0^ 6] +\n",
      "-1.0 [1^ 7] +\n",
      "1.0 [6^ 0] +\n",
      "1.0 [7^ 1]), ((0.11528144517751149+0j), -1.0 [2^ 6] +\n",
      "-1.0 [3^ 7] +\n",
      "1.0 [6^ 2] +\n",
      "1.0 [7^ 3]), ((0.06968507441784266+0j), -1.0 [4^ 6] +\n",
      "-1.0 [5^ 7] +\n",
      "1.0 [6^ 4] +\n",
      "1.0 [7^ 5]), ((0.1663665210854776+0j), -1.0 [0^ 8] +\n",
      "-1.0 [1^ 9] +\n",
      "1.0 [8^ 0] +\n",
      "1.0 [9^ 1]), ((0.10731242359751061+0j), -1.0 [2^ 8] +\n",
      "-1.0 [3^ 9] +\n",
      "1.0 [8^ 2] +\n",
      "1.0 [9^ 3]), ((0.13107381978183896+0j), -1.0 [4^ 8] +\n",
      "-1.0 [5^ 9] +\n",
      "1.0 [8^ 4] +\n",
      "1.0 [9^ 5]), ((0.13803503376700818+0j), -1.0 [0^ 10] +\n",
      "-1.0 [1^ 11] +\n",
      "1.0 [10^ 0] +\n",
      "1.0 [11^ 1]), ((0.14805769655857395+0j), -1.0 [2^ 10] +\n",
      "-1.0 [3^ 11] +\n",
      "1.0 [10^ 2] +\n",
      "1.0 [11^ 3]), ((0.14279969289036407+0j), -1.0 [4^ 10] +\n",
      "-1.0 [5^ 11] +\n",
      "1.0 [10^ 4] +\n",
      "1.0 [11^ 5])]\n",
      "New fr values norm\n",
      "0.06565572014247978\n",
      "\n",
      "ITERATION NUMBER :  3\n",
      "\n",
      " unitary\n",
      "[[ 9.92852143e-01  1.16123038e-02 -5.90484149e-03 -7.74801189e-02\n",
      "  -5.51195542e-02 -7.09476885e-02]\n",
      " [ 2.59934004e-02  9.10990270e-01  1.72152558e-02  3.69851327e-01\n",
      "  -7.30793656e-02  1.64298841e-01]\n",
      " [-2.94110690e-02 -1.41573716e-02  8.84500354e-01 -6.89516411e-02\n",
      "  -4.56662850e-01 -5.74316516e-02]\n",
      " [ 7.45703635e-02 -3.71354990e-01  6.87418737e-02  9.22297595e-01\n",
      "   4.86666248e-03 -3.39521595e-02]\n",
      " [ 4.84199481e-02  7.06511095e-02  4.57145430e-01 -1.49478404e-02\n",
      "   8.84904823e-01 -2.00499660e-02]\n",
      " [ 6.92728158e-02 -1.63906510e-01  6.01706147e-02 -3.99525577e-02\n",
      "  -2.27337858e-04  9.81386352e-01]]\n",
      "Current Energy:  -2.9035690651839654\n",
      "true energy  -2.9014257763056257\n",
      "dvec\n",
      "[((0.10009688194138086+0j), -1.0 [0^ 6] +\n",
      "-1.0 [1^ 7] +\n",
      "1.0 [6^ 0] +\n",
      "1.0 [7^ 1]), ((0.08258148185485473+0j), -1.0 [2^ 6] +\n",
      "-1.0 [3^ 7] +\n",
      "1.0 [6^ 2] +\n",
      "1.0 [7^ 3]), ((0.05323633970737802+0j), -1.0 [4^ 6] +\n",
      "-1.0 [5^ 7] +\n",
      "1.0 [6^ 4] +\n",
      "1.0 [7^ 5]), ((0.07565582649512945+0j), -1.0 [0^ 8] +\n",
      "-1.0 [1^ 9] +\n",
      "1.0 [8^ 0] +\n",
      "1.0 [9^ 1]), ((0.09320939224298122+0j), -1.0 [2^ 8] +\n",
      "-1.0 [3^ 9] +\n",
      "1.0 [8^ 2] +\n",
      "1.0 [9^ 3]), ((0.06866189927316282+0j), -1.0 [4^ 8] +\n",
      "-1.0 [5^ 9] +\n",
      "1.0 [8^ 4] +\n",
      "1.0 [9^ 5]), ((0.103692414602613+0j), -1.0 [0^ 10] +\n",
      "-1.0 [1^ 11] +\n",
      "1.0 [10^ 0] +\n",
      "1.0 [11^ 1]), ((0.1122964080886975+0j), -1.0 [2^ 10] +\n",
      "-1.0 [3^ 11] +\n",
      "1.0 [10^ 2] +\n",
      "1.0 [11^ 3]), ((0.08790611452307132+0j), -1.0 [4^ 10] +\n",
      "-1.0 [5^ 11] +\n",
      "1.0 [10^ 4] +\n",
      "1.0 [11^ 5])]\n",
      "New fr values norm\n",
      "0.07206596649808564\n",
      "\n",
      "ITERATION NUMBER :  4\n",
      "\n",
      " unitary\n",
      "[[ 0.99625632  0.00274963  0.00964159 -0.06094401 -0.02807522 -0.05357648]\n",
      " [ 0.02933861  0.9006772   0.02902736  0.38752776 -0.05383697  0.18439375]\n",
      " [-0.02610311 -0.02403935  0.8959279  -0.05351328 -0.43814463 -0.03492198]\n",
      " [ 0.05518441 -0.38982864  0.05194986  0.91695132  0.01516512 -0.03549408]\n",
      " [ 0.01855392  0.05160505  0.43842474 -0.01965601  0.89663351 -0.0209382 ]\n",
      " [ 0.05041485 -0.1832094   0.03824398 -0.04536863  0.01268932  0.97990343]]\n",
      "Current Energy:  -2.913117959157856\n",
      "true energy  -2.9156318403501365\n",
      "dvec\n",
      "[((0.06411194542522891+0j), -1.0 [0^ 6] +\n",
      "-1.0 [1^ 7] +\n",
      "1.0 [6^ 0] +\n",
      "1.0 [7^ 1]), ((0.0451871021603244+0j), -1.0 [2^ 6] +\n",
      "-1.0 [3^ 7] +\n",
      "1.0 [6^ 2] +\n",
      "1.0 [7^ 3]), ((0.04089684139335625+0j), -1.0 [4^ 6] +\n",
      "-1.0 [5^ 7] +\n",
      "1.0 [6^ 4] +\n",
      "1.0 [7^ 5]), ((0.006637431479759395+0j), -1.0 [0^ 8] +\n",
      "-1.0 [1^ 9] +\n",
      "1.0 [8^ 0] +\n",
      "1.0 [9^ 1]), ((0.0625336125536855+0j), -1.0 [2^ 8] +\n",
      "-1.0 [3^ 9] +\n",
      "1.0 [8^ 2] +\n",
      "1.0 [9^ 3]), ((0.021269966870865076+0j), -1.0 [4^ 8] +\n",
      "-1.0 [5^ 9] +\n",
      "1.0 [8^ 4] +\n",
      "1.0 [9^ 5]), ((0.06205690440416986+0j), -1.0 [0^ 10] +\n",
      "-1.0 [1^ 11] +\n",
      "1.0 [10^ 0] +\n",
      "1.0 [11^ 1]), ((0.05559281151945178+0j), -1.0 [2^ 10] +\n",
      "-1.0 [3^ 11] +\n",
      "1.0 [10^ 2] +\n",
      "1.0 [11^ 3]), ((0.03984757150972346+0j), -1.0 [4^ 10] +\n",
      "-1.0 [5^ 11] +\n",
      "1.0 [10^ 4] +\n",
      "1.0 [11^ 5])]\n",
      "New fr values norm\n",
      "0.06052552186097366\n",
      "\n",
      "ITERATION NUMBER :  5\n",
      "\n",
      " unitary\n",
      "[[ 0.99838869 -0.01106684  0.020542   -0.0393606  -0.00776858 -0.03264918]\n",
      " [ 0.03163469  0.88692585  0.0436514   0.40758086 -0.02579676  0.20897057]\n",
      " [-0.02409037 -0.03711219  0.9047754  -0.03425184 -0.42199334 -0.01312399]\n",
      " [ 0.02963074 -0.41067499  0.03013282  0.90959994  0.02640314 -0.03861235]\n",
      " [-0.00335881  0.02538747  0.42178069 -0.02976758  0.90548796 -0.02550847]\n",
      " [ 0.02737998 -0.2063111   0.01571982 -0.05382602  0.02429438  0.97619235]]\n",
      "Current Energy:  -2.92454389340188\n",
      "true energy  -2.921816447779045\n",
      "dvec\n",
      "[((0.02847333523622731+0j), -1.0 [0^ 6] +\n",
      "-1.0 [1^ 7] +\n",
      "1.0 [6^ 0] +\n",
      "1.0 [7^ 1]), ((0.020469855421871713+0j), -1.0 [2^ 6] +\n",
      "-1.0 [3^ 7] +\n",
      "1.0 [6^ 2] +\n",
      "1.0 [7^ 3]), ((0.02689036097601359+0j), -1.0 [4^ 6] +\n",
      "-1.0 [5^ 7] +\n",
      "1.0 [6^ 4] +\n",
      "1.0 [7^ 5]), ((-0.01921851254735925+0j), -1.0 [0^ 8] +\n",
      "-1.0 [1^ 9] +\n",
      "1.0 [8^ 0] +\n",
      "1.0 [9^ 1]), ((0.035643472132860385+0j), -1.0 [2^ 8] +\n",
      "-1.0 [3^ 9] +\n",
      "1.0 [8^ 2] +\n",
      "1.0 [9^ 3]), ((0.008359726235102644+0j), -1.0 [4^ 8] +\n",
      "-1.0 [5^ 9] +\n",
      "1.0 [8^ 4] +\n",
      "1.0 [9^ 5]), ((0.03342023381811462+0j), -1.0 [0^ 10] +\n",
      "-1.0 [1^ 11] +\n",
      "1.0 [10^ 0] +\n",
      "1.0 [11^ 1]), ((0.009000000537435812+0j), -1.0 [2^ 10] +\n",
      "-1.0 [3^ 11] +\n",
      "1.0 [10^ 2] +\n",
      "1.0 [11^ 3]), ((0.018817906408979825+0j), -1.0 [4^ 10] +\n",
      "-1.0 [5^ 11] +\n",
      "1.0 [10^ 4] +\n",
      "1.0 [11^ 5])]\n",
      "New fr values norm\n",
      "0.034481711036363064\n",
      "\n",
      "ITERATION NUMBER :  6\n",
      "\n",
      " unitary\n",
      "[[ 9.99143822e-01 -2.54192184e-02  2.22582876e-02 -1.87234720e-02\n",
      "  -3.97233564e-03 -1.42725666e-02]\n",
      " [ 3.21719098e-02  8.74742702e-01  5.66835587e-02  4.23384033e-01\n",
      "   2.61063994e-03  2.26530996e-01]\n",
      " [-2.33983378e-02 -5.13634508e-02  9.08548949e-01 -1.15953041e-02\n",
      "  -4.13785080e-01  7.60583804e-04]\n",
      " [ 5.50311900e-03 -4.26581909e-01  4.77948460e-03  9.02644357e-01\n",
      "   3.77631043e-02 -4.22120871e-02]\n",
      " [-6.85231228e-03 -6.54354970e-04  4.13288605e-01 -4.19799653e-02\n",
      "   9.09045234e-01 -3.19310276e-02]\n",
      " [ 7.20205141e-03 -2.22639418e-01  1.89780806e-04 -6.10883693e-02\n",
      "   3.11451860e-02  9.72459754e-01]]\n",
      "Current Energy:  -2.9249620458025434\n",
      "true energy  -2.9234825932847563\n",
      "dvec\n",
      "[((0.019565982161236+0j), -1.0 [0^ 6] +\n",
      "-1.0 [1^ 7] +\n",
      "1.0 [6^ 0] +\n",
      "1.0 [7^ 1]), ((0.004345534463390727+0j), -1.0 [2^ 6] +\n",
      "-1.0 [3^ 7] +\n",
      "1.0 [6^ 2] +\n",
      "1.0 [7^ 3]), ((0.017540742939970325+0j), -1.0 [4^ 6] +\n",
      "-1.0 [5^ 7] +\n",
      "1.0 [6^ 4] +\n",
      "1.0 [7^ 5]), ((-0.0020629579676262784+0j), -1.0 [0^ 8] +\n",
      "-1.0 [1^ 9] +\n",
      "1.0 [8^ 0] +\n",
      "1.0 [9^ 1]), ((0.014784659951143758+0j), -1.0 [2^ 8] +\n",
      "-1.0 [3^ 9] +\n",
      "1.0 [8^ 2] +\n",
      "1.0 [9^ 3]), ((0.00858239096342675+0j), -1.0 [4^ 8] +\n",
      "-1.0 [5^ 9] +\n",
      "1.0 [8^ 4] +\n",
      "1.0 [9^ 5]), ((0.0017203588983885172+0j), -1.0 [0^ 10] +\n",
      "-1.0 [1^ 11] +\n",
      "1.0 [10^ 0] +\n",
      "1.0 [11^ 1]), ((0.005174454019389263+0j), -1.0 [2^ 10] +\n",
      "-1.0 [3^ 11] +\n",
      "1.0 [10^ 2] +\n",
      "1.0 [11^ 3]), ((0.008832575310555816+0j), -1.0 [4^ 10] +\n",
      "-1.0 [5^ 11] +\n",
      "1.0 [10^ 4] +\n",
      "1.0 [11^ 5])]\n",
      "New fr values norm\n",
      "0.017383723710150446\n",
      "\n",
      "ITERATION NUMBER :  7\n",
      "\n",
      " unitary\n",
      "[[ 9.99184198e-01 -3.28248500e-02  1.87559062e-02 -8.72940993e-03\n",
      "  -1.06724238e-02 -3.40286246e-03]\n",
      " [ 3.21214221e-02  8.69644070e-01  6.41646970e-02  4.31069097e-01\n",
      "   1.97825713e-02  2.28819537e-01]\n",
      " [-2.33986713e-02 -6.11467195e-02  9.09753465e-01  4.55527815e-03\n",
      "  -4.09861444e-01  7.42025319e-03]\n",
      " [-5.81736486e-03 -4.33662025e-01 -1.29770801e-02  8.98722409e-01\n",
      "   4.54097052e-02 -4.43958476e-02]\n",
      " [ 9.27224868e-04 -1.66888639e-02  4.09460046e-01 -4.99061451e-02\n",
      "   9.10089555e-01 -3.61866244e-02]\n",
      " [-4.11733439e-03 -2.24858909e-01 -7.33530072e-03 -6.23689664e-02\n",
      "   3.43992324e-02  9.71748176e-01]]\n",
      "Current Energy:  -2.922878894479595\n",
      "true energy  -2.9238812979140802\n",
      "dvec\n",
      "[((0.002681531737531784+0j), -1.0 [0^ 6] +\n",
      "-1.0 [1^ 7] +\n",
      "1.0 [6^ 0] +\n",
      "1.0 [7^ 1]), ((1.0690907977756181e-05+0j), -1.0 [2^ 6] +\n",
      "-1.0 [3^ 7] +\n",
      "1.0 [6^ 2] +\n",
      "1.0 [7^ 3]), ((0.009200569623336534+0j), -1.0 [4^ 6] +\n",
      "-1.0 [5^ 7] +\n",
      "1.0 [6^ 4] +\n",
      "1.0 [7^ 5]), ((-0.006644218279167391+0j), -1.0 [0^ 8] +\n",
      "-1.0 [1^ 9] +\n",
      "1.0 [8^ 0] +\n",
      "1.0 [9^ 1]), ((0.012548857819240974+0j), -1.0 [2^ 8] +\n",
      "-1.0 [3^ 9] +\n",
      "1.0 [8^ 2] +\n",
      "1.0 [9^ 3]), ((0.0014885990704832652+0j), -1.0 [4^ 8] +\n",
      "-1.0 [5^ 9] +\n",
      "1.0 [8^ 4] +\n",
      "1.0 [9^ 5]), ((0.006217784165419597+0j), -1.0 [0^ 10] +\n",
      "-1.0 [1^ 11] +\n",
      "1.0 [10^ 0] +\n",
      "1.0 [11^ 1]), ((0.002079995981255356+0j), -1.0 [2^ 10] +\n",
      "-1.0 [3^ 11] +\n",
      "1.0 [10^ 2] +\n",
      "1.0 [11^ 3]), ((0.007197043554836849+0j), -1.0 [4^ 10] +\n",
      "-1.0 [5^ 11] +\n",
      "1.0 [10^ 4] +\n",
      "1.0 [11^ 5])]\n",
      "New fr values norm\n",
      "0.010343352828541777\n",
      "\n",
      "ITERATION NUMBER :  8\n",
      "\n",
      " unitary\n",
      "[[ 0.99910475 -0.03635089  0.0182406  -0.00166098 -0.01108636 -0.00314998]\n",
      " [ 0.03210247  0.86814273  0.06721006  0.43241755  0.02688056  0.23037564]\n",
      " [-0.02352819 -0.06733632  0.91082301  0.01512812 -0.40617573  0.01030032]\n",
      " [-0.01344998 -0.43441029 -0.02437658  0.8977463   0.05043003 -0.04495519]\n",
      " [ 0.00164949 -0.02312085  0.40600575 -0.05322775  0.91123404 -0.03796532]\n",
      " [-0.00468271 -0.22633108 -0.01079996 -0.06325998  0.03584882  0.9712614 ]]\n",
      "Current Energy:  -2.9249299184589566\n",
      "true energy  -2.9240096265104505\n",
      "dvec\n",
      "[((0.0047801252808539075+0j), -1.0 [0^ 6] +\n",
      "-1.0 [1^ 7] +\n",
      "1.0 [6^ 0] +\n",
      "1.0 [7^ 1]), ((0.003077516806942182+0j), -1.0 [2^ 6] +\n",
      "-1.0 [3^ 7] +\n",
      "1.0 [6^ 2] +\n",
      "1.0 [7^ 3]), ((0.0016236890992532235+0j), -1.0 [4^ 6] +\n",
      "-1.0 [5^ 7] +\n",
      "1.0 [6^ 4] +\n",
      "1.0 [7^ 5]), ((0.002364465680158835+0j), -1.0 [0^ 8] +\n",
      "-1.0 [1^ 9] +\n",
      "1.0 [8^ 0] +\n",
      "1.0 [9^ 1]), ((0.00392981231752744+0j), -1.0 [2^ 8] +\n",
      "-1.0 [3^ 9] +\n",
      "1.0 [8^ 2] +\n",
      "1.0 [9^ 3]), ((0.002302155471928996+0j), -1.0 [4^ 8] +\n",
      "-1.0 [5^ 9] +\n",
      "1.0 [8^ 4] +\n",
      "1.0 [9^ 5]), ((0.00318173693783288+0j), -1.0 [0^ 10] +\n",
      "-1.0 [1^ 11] +\n",
      "1.0 [10^ 0] +\n",
      "1.0 [11^ 1]), ((-0.0007220113318823634+0j), -1.0 [2^ 10] +\n",
      "-1.0 [3^ 11] +\n",
      "1.0 [10^ 2] +\n",
      "1.0 [11^ 3]), ((0.009895133731328085+0j), -1.0 [4^ 10] +\n",
      "-1.0 [5^ 11] +\n",
      "1.0 [10^ 4] +\n",
      "1.0 [11^ 5])]\n",
      "New fr values norm\n",
      "0.0055633318542973025\n",
      "\n",
      "ITERATION NUMBER :  9\n",
      "\n",
      " unitary\n",
      "[[ 9.99069022e-01 -3.72260611e-02  1.70217390e-02 -6.70922653e-04\n",
      "  -1.35672998e-02 -1.02367512e-03]\n",
      " [ 3.21171480e-02  8.67790898e-01  6.98265310e-02  4.32017510e-01\n",
      "   3.28112568e-02  2.30902566e-01]\n",
      " [-2.36329578e-02 -7.08159423e-02  9.10841036e-01  2.06793403e-02\n",
      "  -4.05218121e-01  1.28775627e-02]\n",
      " [-1.43760865e-02 -4.33930998e-01 -3.02513746e-02  8.97630246e-01\n",
      "   5.30512580e-02 -4.50286224e-02]\n",
      " [ 4.32116059e-03 -2.88082667e-02  4.05096262e-01 -5.60403252e-02\n",
      "   9.11235377e-01 -3.94715174e-02]\n",
      " [-6.76141321e-03 -2.26742703e-01 -1.36013310e-02 -6.36569649e-02\n",
      "   3.70577448e-02  9.71046625e-01]]\n",
      "Current Energy:  -2.925709900843863\n",
      "true energy  -2.924040034984699\n",
      "dvec\n",
      "[((-0.0010648314638722644+0j), -1.0 [0^ 6] +\n",
      "-1.0 [1^ 7] +\n",
      "1.0 [6^ 0] +\n",
      "1.0 [7^ 1]), ((0.001280425950016123+0j), -1.0 [2^ 6] +\n",
      "-1.0 [3^ 7] +\n",
      "1.0 [6^ 2] +\n",
      "1.0 [7^ 3]), ((0.0034357367518259943+0j), -1.0 [4^ 6] +\n",
      "-1.0 [5^ 7] +\n",
      "1.0 [6^ 4] +\n",
      "1.0 [7^ 5]), ((-0.003443658658274106+0j), -1.0 [0^ 8] +\n",
      "-1.0 [1^ 9] +\n",
      "1.0 [8^ 0] +\n",
      "1.0 [9^ 1]), ((0.0009988570391947327+0j), -1.0 [2^ 8] +\n",
      "-1.0 [3^ 9] +\n",
      "1.0 [8^ 2] +\n",
      "1.0 [9^ 3]), ((-0.002075107742811+0j), -1.0 [4^ 8] +\n",
      "-1.0 [5^ 9] +\n",
      "1.0 [8^ 4] +\n",
      "1.0 [9^ 5]), ((-0.002357129575757371+0j), -1.0 [0^ 10] +\n",
      "-1.0 [1^ 11] +\n",
      "1.0 [10^ 0] +\n",
      "1.0 [11^ 1]), ((0.001939790846480327+0j), -1.0 [2^ 10] +\n",
      "-1.0 [3^ 11] +\n",
      "1.0 [10^ 2] +\n",
      "1.0 [11^ 3]), ((-0.0015451709162606665+0j), -1.0 [4^ 10] +\n",
      "-1.0 [5^ 11] +\n",
      "1.0 [10^ 4] +\n",
      "1.0 [11^ 5])]\n",
      "New fr values norm\n",
      "0.0033108795401764458\n",
      "Finished Optimization\n"
     ]
    }
   ],
   "source": [
    "from recirq.hfvqe.mfopt import moving_frame_augmented_hessian_optimizer\n",
    "from recirq.hfvqe.opdm_functionals import RDMGenerator\n",
    "\n",
    "rdm_generator = RDMGenerator(opdm_func, purification=False)\n",
    "opdm_generator = rdm_generator.opdm_generator\n",
    "\n",
    "result = moving_frame_augmented_hessian_optimizer(\n",
    "    rhf_objective=rhf_objective,\n",
    "    initial_parameters=parameters + 1.0E-1,\n",
    "    opdm_aa_measurement_func=opdm_generator,\n",
    "    verbose=True, delta=0.03,\n",
    "    max_iter=20,\n",
    "    hessian_update='diagonal',\n",
    "    rtol=0.50E-2)"
   ]
  },
  {
   "cell_type": "markdown",
   "metadata": {
    "id": "bfe90221028b"
   },
   "source": [
    "Each iteration prints out a variety of information that the user might find useful.  Watching energies go down is known to be one of the best forms of entertainment during a shelter-in-place order.\n",
    "\n",
    "After the optimization we can print the energy as a function of iteration number to see close the energy gets to the true minium."
   ]
  },
  {
   "cell_type": "code",
   "execution_count": 18,
   "metadata": {
    "id": "4119e4ea8417"
   },
   "outputs": [
    {
     "data": {
